    src  seed  stored  reconstructed  thermal_only  fit_noise_only     n
rls_off     1  -18.07         -18.93         -9.43           -9.51 12930
rls_off     2  -20.95         -21.25         -8.56          -12.68 13015
rls_off     3  -34.95         -37.41         -8.66          -28.78 13087
rls_off     4  -32.66         -32.41         -8.95          -23.52 12991
rls_off     5  -20.29         -17.75         -9.55           -8.23 13033
rls_off     6   -9.07          -8.62         -9.08            0.46 13012
rls_off     7  -41.71         -42.05         -8.42          -33.69 12753
rls_off     8  -28.09         -27.98         -8.72          -19.27 12925
rls_off     9  -44.57         -43.50         -9.04          -34.49 12821
rls_off    10   -2.86          -1.03         -8.77            7.79 13025
 rls_on     1  -18.07         -18.93         -9.43           -9.51 12930
 rls_on     2  -20.95         -21.25         -8.56          -12.68 13015
 rls_on     3  -34.95         -37.41         -8.66          -28.78 13087
 rls_on     4  -32.66         -32.41         -8.95          -23.52 12991
 rls_on     5  -20.29         -17.75         -9.55           -8.23 13033
 rls_on     6   -9.07          -8.62         -9.08            0.46 13012
 rls_on     7  -41.71         -42.05         -8.42          -33.69 12753
 rls_on     8  -28.09         -27.98         -8.72          -19.27 12925
 rls_on     9  -44.57         -43.50         -9.04          -34.49 12821
 rls_on    10   -2.86          -1.03         -8.77            7.79 13025
rls_off corr(stored, reconstructed) = 0.996  median abs diff 0.66
rls_on corr(stored, reconstructed) = 0.996  median abs diff 0.66
